0.001798597
0.001544393
0.002751284
0.0020116
0.00181251
0.002049688
0.001442308
0.002314971
0.002241456
0.002448328
0.001557103
0.002003529
0.001784076
0.002374066
0.002200835
0.001773153
0.002042677
0.001311995
0.001041668
0.001279288
0.001830167
0.002675097
0.001860507
0.001333108
0.002675834
0.002268329
0.002913881
0.002133483
0.001912212
0.001412319
0.016324859
0.014846955
0.009198867
0.009344689
0.010999397
0.01539336
0.010741159
0.009736497
0.0132972
0.006945051
0.009601754
0.009090596
0.0079409
0.009688684
0.011573195
0.012350856
0.009295255
0.008703522
0.010679109
0.00861747
0.010776668
0.008184893
0.013311748
0.009592352
0.006219016
0.013507611
0.006880587
0.011102809
0.013223081
0.014812351
0.119387705
0.173069467
0.181879046
0.065285002
0.11140655
0.160648805
0.064577239
1.081558392
0.082612276
0.055978393
0.050818995
0.130673017
0.067802
0.057329671
0.097327763
0.128729286
0.116654283
0.089911036
0.123254904
0.0728529
0.12168201
0.35678176
0.131855749
0.104476027
0.051795354
0.100259807
0.069206395
0.078528037
0.159142248
0.161245123
1.068813065
1.457596485
7.259258906
3.659237683
0.414099321
1.151700346
0.696025937
2.390734147
0.529752072
1.182976753
0.584493126
0.603158839
0.827742925
0.418150781
1.717382544
1.94952445
1.088627076
1.323211015
0.734468549
9.194678273
1.402326954
1.903664989
1.055963047
3.056836957
0.370231964
0.543745022
0.57091625
1.162694687
1.160762605
1.175124692
11.37835539
2.31720962
18.837583441
6.29637347
9.772847348
14.398557398
57.950386248
12.68238485
15.143725228
14.249035449
19.130288286
21.259325216
8.523174075
2.066310814
3.650370399
13.268192517
3.165980303
7.135443784
23.967922103
4.168459633
17.094846031
13.658993417
6.015929041
1.060466816
9.763727572
7.381363156
4.458885286
14.898625046
9.408392061
15.948686362
40.51068131
97.734066148
87.50187783
142.022572802
104.063605094
1524.051591926
19.535468239
101.625280365
184.980472379
95.852516247
72.349768411
175.941949154
155.520200792
138.645718695
55.544297547
550.88926047
51.866362235
70.179346988
262.644969115
72.007017136
65.156240926
51.135975276
99.406650125
122.219133239
141.179910305
46.832560535
60.057207619
873.080838135
122.77632105
116.955530036
