0.003037797
0.00235543
0.002411701
0.002293286
0.001723377
0.001801396
0.002248426
0.002097831
0.001783472
0.001784506
0.001735509
0.002321424
0.002514312
0.001938784
0.002270868
0.001809981
0.001971971
0.002180245
0.001793884
0.002340435
0.002309216
0.002073691
0.002279097
0.001978294
0.002507789
0.001792469
0.002248908
0.001816934
0.00204226
0.002205672
0.011048131
0.010197968
0.012295534
0.013869965
0.012978049
0.019358647
0.018950348
0.017473165
0.012973975
0.016857736
0.01493284
0.010904595
0.01114811
0.011448585
0.020947927
0.01252881
0.010407222
0.012271754
0.010929719
0.014318107
0.014483983
0.030567641
0.009921993
0.014873363
0.014453934
0.012921479
0.010701159
0.009381443
0.015277175
0.013473093
0.143404572
0.249635575
0.143898319
0.127078111
0.146973975
0.129495499
0.131776955
0.121046511
0.25597488
0.335455607
0.255090726
0.086096551
0.163536473
0.12055407
0.402539136
0.293575983
0.11333694
0.167126144
0.144163128
0.099149333
0.115380121
0.098114168
0.129494103
0.097949709
0.216063487
0.136596872
0.238805556
0.126287143
0.170637936
0.126478367
1.307546215
1.607619049
2.642747866
2.202413673
2.64359078
0.779614488
1.539222879
1.183019052
2.924874665
1.100262919
1.661488374
1.037008226
1.68063665
1.562287577
1.737411417
1.414664678
1.67906025
1.229726039
1.461985668
1.106857365
1.428019944
1.692746526
1.886969956
1.973350795
1.556468476
1.305785983
1.016851323
0.866649344
1.450432722
3.018256158
46.856851507
18.153969466
17.269150462
11.343753859
28.885819813
21.040140027
24.351092563
22.322633997
18.86565118
12.350963861
77.002103447
183.890866953
6.662585602
14.84285992
10.612916714
5.910320262
18.406462998
14.62721413
12.64402407
8.450689261
32.766196516
144.314568441
44.121890692
19.036746103
13.956884221
12.927206736
17.608924966
44.094850714
50.366668608
426.285516318
105.308486216
1283.055033569
1911.462328443
724.366351285
394.698896145
139.6991998
212.230726947
418.713503228
619.297984892
235.377834129
146.847023256
128.275708209
1064.530870577
339.242779159
177.002316048
130.237259058
228.562853761
897.154543196
114.660925595
175.211203878
300.379872639
170.625942997
238.88553402
231.26419883
181.727334926
345.822729435
162.810453657
151.375604181
209.001203985
184.714213358
