0,001910837
0,00268181
0,002253698
0,001688759
0,001248697
0,002748085
0,00112478
0,00211547
0,002277259
0,002544019
0,003596986
0,001598874
0,002538072
0,002081446
0,000939664
0,002332233
0,002847891
0,002608827
0,002106202
0,001523167
0,002343758
0,001065357
0,006287887
0,00192244
0,003136662
0,002869958
0,001866439
0,002181086
0,00249825
0,003500835
0,006707874
0,021435437
0,003508193
0,002814222
0,015559508
0,008165722
0,014164183
0,004724745
0,007202958
0,004833951
0,019046605
0,006096061
0,012535432
0,010362599
0,010203589
0,010181438
0,004290738
0,007189479
0,011101981
0,003731913
0,009197809
0,005510315
0,00381327
0,014623406
0,00627435
0,007575425
0,007934642
0,005000109
0,012281941
0,00358316
0,163245528
0,074292992
0,029331626
0,0447025
0,054081337
0,109482761
0,067938435
0,046317601
0,016129277
0,072988329
0,034641885
0,023518822
0,097548172
0,114051292
0,032811976
0,072376792
0,04833583
0,066930907
0,088700197
0,138223105
0,057077315
0,089775541
0,103939896
0,031575308
0,196773736
0,064484166
0,038265427
0,068034097
0,017222518
0,16606716
0,272922809
0,366553375
0,603963403
0,136755636
0,446463191
1,242687809
0,107779838
0,591520098
0,935075403
0,578700163
0,10911572
0,549861528
0,478086096
0,109933586
0,93935993
0,124902847
0,342955975
0,533560143
0,479634221
0,061013634
0,484867331
0,394193994
0,624962978
0,824809689
0,840329678
0,214932116
1,151765593
0,084106758
0,287394697
0,887791
0,990262267
2,852706047
3,12327474
1,217531495
1,706374715
0,163551463
0,801020629
1,633527448
5,670333239
1,297089903
1,058340983
2,274513272
2,065997954
1,564250121
0,989225085
2,045570202
1,059784743
2,182630185
0,291334953
2,588105558
1,381693113
2,170415163
8,305444298
1,313290887
1,201484074
8,866238199
3,226824095
5,111508995
2,393191787
0,76190536
29,777738269
17,704531094
13,025851473
73,687919188
12,522512095
4,745802853
30,602679669
21,171336402
1,914268089
19,225908315
1,107884888
5,016463684
33,471169258
6,226561213
3,163016813
7,068591675
16,771588619
0,507315226
5,17683728
30,876982579
32,679845068
5,33826156
9,290855945
22,667653099
5,572348837
1,330663298
57,349631788
1,637701966
25,983775939
2,71043722
41,910130577
16,312896996
21,072048981
43,040461647
28,025455073
30,606664621
36,011145281
17,32798578
162,665220324
17,216392703
6,677756485
12,051983049
75,963141205
10,159238662
34,00027995
63,768920947
34,147935969
10,150443705
25,233801557
76,88918313
364,070579071
25,029489084
71,27961909
502,146759455
79,692511455
2,226089656
357,884870682
26,315161671
282,846044443
18,291572073
