0.002179247
0.001957596
0.002182988
0.002289881
0.001753017
0.001827032
0.002193022
0.002542359
0.001951787
0.002618261
0.002391778
0.002069539
0.002096114
0.002654034
0.002211081
0.002260465
0.002122214
0.002397377
0.002626704
0.001907114
0.00195024
0.001894183
0.002865698
0.002101748
0.00222548
0.00254528
0.002467875
0.002101453
0.00144739
0.00124129
0.010869011
0.015201738
0.010185088
0.011476749
0.013551342
0.010765909
0.009446605
0.017237626
0.011627709
0.012557801
0.010554716
0.011770965
0.014789329
0.011677209
0.012375192
0.011037012
0.011411973
0.01406198
0.013574957
0.01113945
0.014950394
0.01139703
0.012402177
0.009800153
0.010627694
0.013953127
0.018531291
0.013254597
0.010916718
0.021941989
0.118765363
0.101530512
0.17817427
0.135409258
0.171456519
0.158847303
0.13306192
0.302157598
0.116118865
0.202240615
0.123831732
0.12427496
0.125091341
0.321054764
0.112518101
0.094907964
0.257775235
0.120230877
0.631808775
0.274411812
0.777293424
0.114562439
0.127272955
0.16409121
0.227853053
0.122320861
0.243661589
0.312458098
0.279648034
0.420139429
1.110847618
1.160812717
1.998142848
1.361789984
1.176138539
1.322234494
2.073590386
1.456767886
1.208188917
1.738138925
1.058132169
1.299478071
0.857570454
2.124413677
2.229405875
1.511371529
1.905816755
4.140004852
5.333850665
1.083592579
0.765301428
2.229992517
0.83904991
0.930905377
1.200343003
1.025965018
1.265570831
1.189319556
1.56544345
1.941213519
40.511859623
21.242249305
61.336405492
15.251721343
25.037634722
22.886256607
8.68103027
21.070809327
15.562149239
29.847410246
14.392414801
57.321891287
29.445747535
91.534707917
55.944686505
65.897438353
17.308427553
15.535732843
216.56452253
7.848882056
15.399459987
14.182828027
15.642098409
5.679932295
61.9019312
54.278359938
19.371839904
12.149733984
17.105089519
18.204194198
171.131727569
490.079706383
140.930252688
339.789490459
177.953504753
211.780475841
45.496698132
218.648183401
129.95980226
113.5592733
735.635724524
154.386485445
129.229017942
73.200503381
53.575777379
113.843555716
163.603925781
123.107459734
41.236802238
1206.634819596
80.55830913
488.838426696
177.027143694
395.191700886
168.413869399
67.918695593
210.216338312
374.884089516
1758.564588257
102.941853139
