0.001809459
0.001800826
0.001495989
0.00159889
0.001681586
0.001427868
0.001986579
0.001419372
0.00217661
0.000861275
0.001854577
0.002505142
0.001738341
0.002491577
0.002149758
0.002114519
0.002271531
0.001556956
0.001975843
0.002511963
0.001883198
0.002179804
0.001708416
0.002323803
0.003056469
0.002700744
0.001492093
0.001766262
0.002103499
0.000235122
0.012378694
0.012254601
0.013569568
0.005984897
0.011453531
0.016908078
0.00998943
0.008535977
0.011360072
0.008305574
0.006779001
0.006759049
0.009502405
0.010193117
0.007311718
0.009573025
0.01189661
0.005641529
0.006515863
0.010819087
0.008850963
0.008908268
0.005887765
0.007467014
0.00958822
0.011707226
0.007943505
0.012268125
0.005744399
0.004512359
0.095724502
0.054888063
0.080632113
0.120885656
0.064124655
0.105082243
0.11653978
0.077539582
0.098196965
0.102705999
0.048542318
0.086027597
0.175859067
0.114657365
0.142120479
0.216073486
0.121997537
0.057942333
0.225806166
0.073576551
0.098176756
0.063750417
0.769645475
0.143299755
0.072574256
0.101549339
0.106412551
0.123960742
0.080129033
0.118951239
0.454675016
3.526703305
1.010146049
0.960986968
1.826279546
1.216125141
1.321079209
6.949073237
1.184862795
3.172051991
0.799934384
0.806698614
1.638769314
3.412532469
0.767345171
3.498424518
0.978748134
1.23038646
1.014636475
0.584611711
1.286130295
0.570886311
2.883486883
0.663482148
1.932474494
1.139876446
2.977638333
1.464101245
0.73987105
0.897123878
5.623882951
15.949464402
10.676244523
9.283279944
5.720096365
9.630197362
3.203640768
15.532719161
42.015124503
2.325059784
7.422491475
42.186849532
8.375889144
7.412391849
28.916238605
17.143342466
15.537729048
47.178319882
4.563942776
8.962767533
8.908934917
5.060342697
10.899276658
102.278572671
7.460722534
9.158724595
8.632252836
18.933082321
46.460242457
37.461236128
28.628975963
142.538166531
99.236470754
19.648804077
44.501362029
79.589312876
76.984683907
36.621568582
281.216038429
81.018426155
152.432487591
277.087766439
55.253392996
599.205423153
122.674100581
40.972040886
50.085481549
171.925887648
33.631804055
143.601655116
52.101980224
61.55252176
40.376490091
54.207773552
94.765299876
28.534766726
109.469845042
39.326820684
56.651834312
75.871286243
