0.001887604
0.002931346
0.002572818
0.002296764
0.002114408
0.002278068
0.00216204
0.002490253
0.001517849
0.002257022
0.003201196
0.002656842
0.00367542
0.001549691
0.002684072
0.00313114
0.001850133
0.003521411
0.002921188
0.001637107
0.002182248
0.001643059
0.001968051
0.001969275
0.002545672
0.002006205
0.001989284
0.001930401
0.002942755
0.001903868
0.004519601
0.011337047
0.008805679
0.015577875
0.014138667
0.01430327
0.011546321
0.005824377
0.013087048
0.004974856
0.024533746
0.004925715
0.009824623
0.008745771
0.012305793
0.004699049
0.010711957
0.010270608
0.008276841
0.009027263
0.004590373
0.003817454
0.009233826
0.004890415
0.007942621
0.01651762
0.010992232
0.013235371
0.013499267
0.013194954
0.049390361
0.041530572
0.023910369
0.010973154
0.029417506
0.036232883
0.12958552
0.124586442
0.099674579
0.06837963
0.033483158
0.11405507
0.009845309
0.077807648
0.048016745
0.055893795
0.080401328
0.069135991
0.033908553
0.149052295
0.032990807
0.025510589
0.075009677
0.083740665
0.058156698
0.022842932
0.079170202
0.048341447
0.036069942
0.015396676
0.792543814
1.645958094
0.482612122
1.236088109
0.212846102
0.057557441
0.091151713
0.431631002
0.491763235
0.063438522
0.813013362
0.04982005
0.029653936
0.486758008
0.342565496
0.752028341
0.386880624
0.201044417
0.383476502
0.02214446
0.199688499
0.070372459
0.371936002
0.683415939
0.415968987
0.266071488
0.064780839
0.109437215
1.22336446
0.29306361
0.481802069
0.797457579
1.679245269
0.769270614
3.260157605
1.205197325
0.446562926
1.077023716
4.908981931
2.255609925
2.217814843
0.203854048
0.077616802
7.335231263
12.981132229
1.545364644
1.656517565
0.770904571
0.937154163
2.285716403
0.930032039
0.328699601
0.441202603
0.961236825
7.13799563
1.769956335
0.763987482
2.248045311
0.238911873
1.415903063
21.682688793
0.663388445
11.289167964
2.55491114
7.46173704
102.588797728
73.35795339
4.600047119
2.209955015
3.474139057
3.488243033
3.277944965
17.371704882
0.784534854
1.052013557
12.500550941
0.536735928
2.613685612
31.172595264
65.61700041
10.486363778
32.148080071
20.567904139
9.060605304
1.391344753
57.28251027
0.861621334
9.223556964
24.176519593
40.931004204
19.97635643
191.778430193
30.917988271
6.64271768
27.118992587
16.643554635
247.466170946
299.898548463
1.831170431
49.61724494
176.064069256
9.325402751
69.474147763
20.839443735
349.448110813
716.092770744
2962.706336302
109.460836572
99.375120002
54.02745928
71.91278412
82.12380001
11.94310001
12.92934001
22.09123890
78.0123999
54.02745928
63.09911102
81.01845109
39.99118231
