time, timesteps
29.777738269, 10
17.704531094, 12
13.025851473, 13
73.687919188, 14
12.522512095, 9
4.745802853,  9
30.602679669, 9
21.171336402, 8
1.914268089,  10
19.225908315, 11
1.107884888,  11
5.016463684,  8
33.471169258, 13
6.226561213,  8
3.163016813,  10
7.068591675,  11
16.771588619, 12
0.507315226,  10
5.17683728,   9
30.876982579, 10
32.679845068, 10
5.33826156,   8
9.290855945,  12
22.667653099, 9
5.572348837,  9
1.330663298,  9
57.349631788, 7
1.637701966,  11
25.983775939, 10
2.71043722,   9
