time, timesteps
19.97635643,   10
191.778430193, 10
30.917988271,  12
6.64271768,    10
27.118992587,  8
16.643554635,  9
247.466170946, 9
299.898548463, 10
1.831170431,   11
49.61724494,   11
176.064069256, 8
9.325402751,   9
69.474147763,  8
20.839443735,  8
349.448110813, 9
716.092770744, 10
2962.706336302,9
109.460836572, 9
99.375120002,  11
54.02745928,   9
71.91278412,   10
82.12380001,   12
11.94310001,   8
12.92934001,   10
22.09123890,   12
78.0123999,    8
54.02745928,   9
63.09911102,   9
81.01845109,   11
39.99118231,   12
